      INSTANCE              MODULE          LOC_X      LOC_Y    SHAPE BBOX_PT  POINTS              
 = = = = = = = = = = = = = = = = = = = = = = = = = = = = = = = = = = = = = = = = = = = = = = = = = = = = = = = = = = = =
   grid_clb_1__1_          grid_clb           163.76     138.72   rect     4    0.000  0.000  0.000  345.440  210.220  345.440  210.220  0.000
   grid_clb_1__2_          grid_clb           163.76     524.96   rect     4    0.000  0.000  0.000  345.440  210.220  345.440  210.220  0.000
   grid_clb_1__3_          grid_clb           163.76     911.20   rect     4    0.000  0.000  0.000  345.440  210.220  345.440  210.220  0.000
   grid_clb_1__4_          grid_clb           163.76    1297.44   rect     4    0.000  0.000  0.000  345.440  210.220  345.440  210.220  0.000
   grid_clb_1__5_          grid_clb           163.76    1683.68   rect     4    0.000  0.000  0.000  345.440  210.220  345.440  210.220  0.000
   grid_clb_1__6_          grid_clb           163.76    2069.92   rect     4    0.000  0.000  0.000  345.440  210.220  345.440  210.220  0.000
   grid_clb_1__7_          grid_clb           163.76    2456.16   rect     4    0.000  0.000  0.000  345.440  210.220  345.440  210.220  0.000
   grid_clb_1__8_          grid_clb           163.76    2842.40   rect     4    0.000  0.000  0.000  345.440  210.220  345.440  210.220  0.000
   grid_clb_2__1_          grid_clb           447.58     138.72   rect     4    0.000  0.000  0.000  345.440  210.220  345.440  210.220  0.000
   grid_clb_2__2_          grid_clb           447.58     524.96   rect     4    0.000  0.000  0.000  345.440  210.220  345.440  210.220  0.000
   grid_clb_2__3_          grid_clb           447.58     911.20   rect     4    0.000  0.000  0.000  345.440  210.220  345.440  210.220  0.000
   grid_clb_2__4_          grid_clb           447.58    1297.44   rect     4    0.000  0.000  0.000  345.440  210.220  345.440  210.220  0.000
   grid_clb_2__5_          grid_clb           447.58    1683.68   rect     4    0.000  0.000  0.000  345.440  210.220  345.440  210.220  0.000
   grid_clb_2__6_          grid_clb           447.58    2069.92   rect     4    0.000  0.000  0.000  345.440  210.220  345.440  210.220  0.000
   grid_clb_2__7_          grid_clb           447.58    2456.16   rect     4    0.000  0.000  0.000  345.440  210.220  345.440  210.220  0.000
   grid_clb_2__8_          grid_clb           447.58    2842.40   rect     4    0.000  0.000  0.000  345.440  210.220  345.440  210.220  0.000
   grid_clb_3__1_          grid_clb           731.40     138.72   rect     4    0.000  0.000  0.000  345.440  210.220  345.440  210.220  0.000
   grid_clb_3__2_          grid_clb           731.40     524.96   rect     4    0.000  0.000  0.000  345.440  210.220  345.440  210.220  0.000
   grid_clb_3__3_          grid_clb           731.40     911.20   rect     4    0.000  0.000  0.000  345.440  210.220  345.440  210.220  0.000
   grid_clb_3__4_          grid_clb           731.40    1297.44   rect     4    0.000  0.000  0.000  345.440  210.220  345.440  210.220  0.000
   grid_clb_3__5_          grid_clb           731.40    1683.68   rect     4    0.000  0.000  0.000  345.440  210.220  345.440  210.220  0.000
   grid_clb_3__6_          grid_clb           731.40    2069.92   rect     4    0.000  0.000  0.000  345.440  210.220  345.440  210.220  0.000
   grid_clb_3__7_          grid_clb           731.40    2456.16   rect     4    0.000  0.000  0.000  345.440  210.220  345.440  210.220  0.000
   grid_clb_3__8_          grid_clb           731.40    2842.40   rect     4    0.000  0.000  0.000  345.440  210.220  345.440  210.220  0.000
   grid_clb_4__1_          grid_clb          1015.22     138.72   rect     4    0.000  0.000  0.000  345.440  210.220  345.440  210.220  0.000
   grid_clb_4__2_          grid_clb          1015.22     524.96   rect     4    0.000  0.000  0.000  345.440  210.220  345.440  210.220  0.000
   grid_clb_4__3_          grid_clb          1015.22     911.20   rect     4    0.000  0.000  0.000  345.440  210.220  345.440  210.220  0.000
   grid_clb_4__4_          grid_clb          1015.22    1297.44   rect     4    0.000  0.000  0.000  345.440  210.220  345.440  210.220  0.000
   grid_clb_4__5_          grid_clb          1015.22    1683.68   rect     4    0.000  0.000  0.000  345.440  210.220  345.440  210.220  0.000
   grid_clb_4__6_          grid_clb          1015.22    2069.92   rect     4    0.000  0.000  0.000  345.440  210.220  345.440  210.220  0.000
   grid_clb_4__7_          grid_clb          1015.22    2456.16   rect     4    0.000  0.000  0.000  345.440  210.220  345.440  210.220  0.000
   grid_clb_4__8_          grid_clb          1015.22    2842.40   rect     4    0.000  0.000  0.000  345.440  210.220  345.440  210.220  0.000
   grid_clb_5__1_          grid_clb          1299.04     138.72   rect     4    0.000  0.000  0.000  345.440  210.220  345.440  210.220  0.000
   grid_clb_5__2_          grid_clb          1299.04     524.96   rect     4    0.000  0.000  0.000  345.440  210.220  345.440  210.220  0.000
   grid_clb_5__3_          grid_clb          1299.04     911.20   rect     4    0.000  0.000  0.000  345.440  210.220  345.440  210.220  0.000
   grid_clb_5__4_          grid_clb          1299.04    1297.44   rect     4    0.000  0.000  0.000  345.440  210.220  345.440  210.220  0.000
   grid_clb_5__5_          grid_clb          1299.04    1683.68   rect     4    0.000  0.000  0.000  345.440  210.220  345.440  210.220  0.000
   grid_clb_5__6_          grid_clb          1299.04    2069.92   rect     4    0.000  0.000  0.000  345.440  210.220  345.440  210.220  0.000
   grid_clb_5__7_          grid_clb          1299.04    2456.16   rect     4    0.000  0.000  0.000  345.440  210.220  345.440  210.220  0.000
   grid_clb_5__8_          grid_clb          1299.04    2842.40   rect     4    0.000  0.000  0.000  345.440  210.220  345.440  210.220  0.000
   grid_clb_6__1_          grid_clb          1582.86     138.72   rect     4    0.000  0.000  0.000  345.440  210.220  345.440  210.220  0.000
   grid_clb_6__2_          grid_clb          1582.86     524.96   rect     4    0.000  0.000  0.000  345.440  210.220  345.440  210.220  0.000
   grid_clb_6__3_          grid_clb          1582.86     911.20   rect     4    0.000  0.000  0.000  345.440  210.220  345.440  210.220  0.000
   grid_clb_6__4_          grid_clb          1582.86    1297.44   rect     4    0.000  0.000  0.000  345.440  210.220  345.440  210.220  0.000
   grid_clb_6__5_          grid_clb          1582.86    1683.68   rect     4    0.000  0.000  0.000  345.440  210.220  345.440  210.220  0.000
   grid_clb_6__6_          grid_clb          1582.86    2069.92   rect     4    0.000  0.000  0.000  345.440  210.220  345.440  210.220  0.000
   grid_clb_6__7_          grid_clb          1582.86    2456.16   rect     4    0.000  0.000  0.000  345.440  210.220  345.440  210.220  0.000
   grid_clb_6__8_          grid_clb          1582.86    2842.40   rect     4    0.000  0.000  0.000  345.440  210.220  345.440  210.220  0.000
   grid_clb_7__1_          grid_clb          1866.68     138.72   rect     4    0.000  0.000  0.000  345.440  210.220  345.440  210.220  0.000
   grid_clb_7__2_          grid_clb          1866.68     524.96   rect     4    0.000  0.000  0.000  345.440  210.220  345.440  210.220  0.000
   grid_clb_7__3_          grid_clb          1866.68     911.20   rect     4    0.000  0.000  0.000  345.440  210.220  345.440  210.220  0.000
   grid_clb_7__4_          grid_clb          1866.68    1297.44   rect     4    0.000  0.000  0.000  345.440  210.220  345.440  210.220  0.000
   grid_clb_7__5_          grid_clb          1866.68    1683.68   rect     4    0.000  0.000  0.000  345.440  210.220  345.440  210.220  0.000
   grid_clb_7__6_          grid_clb          1866.68    2069.92   rect     4    0.000  0.000  0.000  345.440  210.220  345.440  210.220  0.000
   grid_clb_7__7_          grid_clb          1866.68    2456.16   rect     4    0.000  0.000  0.000  345.440  210.220  345.440  210.220  0.000
   grid_clb_7__8_          grid_clb          1866.68    2842.40   rect     4    0.000  0.000  0.000  345.440  210.220  345.440  210.220  0.000
   grid_clb_8__1_          grid_clb          2150.50     138.72   rect     4    0.000  0.000  0.000  345.440  210.220  345.440  210.220  0.000
   grid_clb_8__2_          grid_clb          2150.50     524.96   rect     4    0.000  0.000  0.000  345.440  210.220  345.440  210.220  0.000
   grid_clb_8__3_          grid_clb          2150.50     911.20   rect     4    0.000  0.000  0.000  345.440  210.220  345.440  210.220  0.000
   grid_clb_8__4_          grid_clb          2150.50    1297.44   rect     4    0.000  0.000  0.000  345.440  210.220  345.440  210.220  0.000
   grid_clb_8__5_          grid_clb          2150.50    1683.68   rect     4    0.000  0.000  0.000  345.440  210.220  345.440  210.220  0.000
   grid_clb_8__6_          grid_clb          2150.50    2069.92   rect     4    0.000  0.000  0.000  345.440  210.220  345.440  210.220  0.000
   grid_clb_8__7_          grid_clb          2150.50    2456.16   rect     4    0.000  0.000  0.000  345.440  210.220  345.440  210.220  0.000
   grid_clb_8__8_          grid_clb          2150.50    2842.40   rect     4    0.000  0.000  0.000  345.440  210.220  345.440  210.220  0.000
      sb_0__0_             sb_0__0_             9.20       5.44  cross     4    0.000  0.000  0.000  133.280  154.560  133.280  154.560  0.000
      sb_0__1_             sb_0__1_             9.20     484.16  cross     4    0.000  0.000  0.000  40.800  154.560  40.800  154.560  0.000
      sb_0__2_             sb_0__1_             9.20     870.40  cross     4    0.000  0.000  0.000  40.800  154.560  40.800  154.560  0.000
      sb_0__3_             sb_0__1_             9.20    1256.64  cross     4    0.000  0.000  0.000  40.800  154.560  40.800  154.560  0.000
      sb_0__4_             sb_0__1_             9.20    1642.88  cross     4    0.000  0.000  0.000  40.800  154.560  40.800  154.560  0.000
      sb_0__5_             sb_0__1_             9.20    2029.12  cross     4    0.000  0.000  0.000  40.800  154.560  40.800  154.560  0.000
      sb_0__6_             sb_0__1_             9.20    2415.36  cross     4    0.000  0.000  0.000  40.800  154.560  40.800  154.560  0.000
      sb_0__7_             sb_0__1_             9.20    2801.60  cross     4    0.000  0.000  0.000  40.800  154.560  40.800  154.560  0.000
      sb_0__8_             sb_0__8_             9.20    3187.84  cross     4    0.000  0.000  0.000  141.440  154.560  141.440  154.560  0.000
      sb_1__0_             sb_1__0_           373.98       5.44  cross     4    0.000  0.000  0.000  133.280  73.600  133.280  73.600  0.000
      sb_2__0_             sb_1__0_           657.80       5.44  cross     4    0.000  0.000  0.000  133.280  73.600  133.280  73.600  0.000
      sb_3__0_             sb_1__0_           941.62       5.44  cross     4    0.000  0.000  0.000  133.280  73.600  133.280  73.600  0.000
      sb_4__0_             sb_1__0_          1225.44       5.44  cross     4    0.000  0.000  0.000  133.280  73.600  133.280  73.600  0.000
      sb_5__0_             sb_1__0_          1509.26       5.44  cross     4    0.000  0.000  0.000  133.280  73.600  133.280  73.600  0.000
      sb_6__0_             sb_1__0_          1793.08       5.44  cross     4    0.000  0.000  0.000  133.280  73.600  133.280  73.600  0.000
      sb_7__0_             sb_1__0_          2076.90       5.44  cross     4    0.000  0.000  0.000  133.280  73.600  133.280  73.600  0.000
      sb_1__1_             sb_1__1_           373.98     484.16  cross     4    0.000  0.000  0.000  40.800  73.600  40.800  73.600  0.000
      sb_1__2_             sb_1__1_           373.98     870.40  cross     4    0.000  0.000  0.000  40.800  73.600  40.800  73.600  0.000
      sb_1__3_             sb_1__1_           373.98    1256.64  cross     4    0.000  0.000  0.000  40.800  73.600  40.800  73.600  0.000
      sb_1__4_             sb_1__1_           373.98    1642.88  cross     4    0.000  0.000  0.000  40.800  73.600  40.800  73.600  0.000
      sb_1__5_             sb_1__1_           373.98    2029.12  cross     4    0.000  0.000  0.000  40.800  73.600  40.800  73.600  0.000
      sb_1__6_             sb_1__1_           373.98    2415.36  cross     4    0.000  0.000  0.000  40.800  73.600  40.800  73.600  0.000
      sb_1__7_             sb_1__1_           373.98    2801.60  cross     4    0.000  0.000  0.000  40.800  73.600  40.800  73.600  0.000
      sb_2__1_             sb_1__1_           657.80     484.16  cross     4    0.000  0.000  0.000  40.800  73.600  40.800  73.600  0.000
      sb_2__2_             sb_1__1_           657.80     870.40  cross     4    0.000  0.000  0.000  40.800  73.600  40.800  73.600  0.000
      sb_2__3_             sb_1__1_           657.80    1256.64  cross     4    0.000  0.000  0.000  40.800  73.600  40.800  73.600  0.000
      sb_2__4_             sb_1__1_           657.80    1642.88  cross     4    0.000  0.000  0.000  40.800  73.600  40.800  73.600  0.000
      sb_2__5_             sb_1__1_           657.80    2029.12  cross     4    0.000  0.000  0.000  40.800  73.600  40.800  73.600  0.000
      sb_2__6_             sb_1__1_           657.80    2415.36  cross     4    0.000  0.000  0.000  40.800  73.600  40.800  73.600  0.000
      sb_2__7_             sb_1__1_           657.80    2801.60  cross     4    0.000  0.000  0.000  40.800  73.600  40.800  73.600  0.000
      sb_3__1_             sb_1__1_           941.62     484.16  cross     4    0.000  0.000  0.000  40.800  73.600  40.800  73.600  0.000
      sb_3__2_             sb_1__1_           941.62     870.40  cross     4    0.000  0.000  0.000  40.800  73.600  40.800  73.600  0.000
      sb_3__3_             sb_1__1_           941.62    1256.64  cross     4    0.000  0.000  0.000  40.800  73.600  40.800  73.600  0.000
      sb_3__4_             sb_1__1_           941.62    1642.88  cross     4    0.000  0.000  0.000  40.800  73.600  40.800  73.600  0.000
      sb_3__5_             sb_1__1_           941.62    2029.12  cross     4    0.000  0.000  0.000  40.800  73.600  40.800  73.600  0.000
      sb_3__6_             sb_1__1_           941.62    2415.36  cross     4    0.000  0.000  0.000  40.800  73.600  40.800  73.600  0.000
      sb_3__7_             sb_1__1_           941.62    2801.60  cross     4    0.000  0.000  0.000  40.800  73.600  40.800  73.600  0.000
      sb_4__1_             sb_1__1_          1225.44     484.16  cross     4    0.000  0.000  0.000  40.800  73.600  40.800  73.600  0.000
      sb_4__2_             sb_1__1_          1225.44     870.40  cross     4    0.000  0.000  0.000  40.800  73.600  40.800  73.600  0.000
      sb_4__3_             sb_1__1_          1225.44    1256.64  cross     4    0.000  0.000  0.000  40.800  73.600  40.800  73.600  0.000
      sb_4__4_             sb_1__1_          1225.44    1642.88  cross     4    0.000  0.000  0.000  40.800  73.600  40.800  73.600  0.000
      sb_4__5_             sb_1__1_          1225.44    2029.12  cross     4    0.000  0.000  0.000  40.800  73.600  40.800  73.600  0.000
      sb_4__6_             sb_1__1_          1225.44    2415.36  cross     4    0.000  0.000  0.000  40.800  73.600  40.800  73.600  0.000
      sb_4__7_             sb_1__1_          1225.44    2801.60  cross     4    0.000  0.000  0.000  40.800  73.600  40.800  73.600  0.000
      sb_5__1_             sb_1__1_          1509.26     484.16  cross     4    0.000  0.000  0.000  40.800  73.600  40.800  73.600  0.000
      sb_5__2_             sb_1__1_          1509.26     870.40  cross     4    0.000  0.000  0.000  40.800  73.600  40.800  73.600  0.000
      sb_5__3_             sb_1__1_          1509.26    1256.64  cross     4    0.000  0.000  0.000  40.800  73.600  40.800  73.600  0.000
      sb_5__4_             sb_1__1_          1509.26    1642.88  cross     4    0.000  0.000  0.000  40.800  73.600  40.800  73.600  0.000
      sb_5__5_             sb_1__1_          1509.26    2029.12  cross     4    0.000  0.000  0.000  40.800  73.600  40.800  73.600  0.000
      sb_5__6_             sb_1__1_          1509.26    2415.36  cross     4    0.000  0.000  0.000  40.800  73.600  40.800  73.600  0.000
      sb_5__7_             sb_1__1_          1509.26    2801.60  cross     4    0.000  0.000  0.000  40.800  73.600  40.800  73.600  0.000
      sb_6__1_             sb_1__1_          1793.08     484.16  cross     4    0.000  0.000  0.000  40.800  73.600  40.800  73.600  0.000
      sb_6__2_             sb_1__1_          1793.08     870.40  cross     4    0.000  0.000  0.000  40.800  73.600  40.800  73.600  0.000
      sb_6__3_             sb_1__1_          1793.08    1256.64  cross     4    0.000  0.000  0.000  40.800  73.600  40.800  73.600  0.000
      sb_6__4_             sb_1__1_          1793.08    1642.88  cross     4    0.000  0.000  0.000  40.800  73.600  40.800  73.600  0.000
      sb_6__5_             sb_1__1_          1793.08    2029.12  cross     4    0.000  0.000  0.000  40.800  73.600  40.800  73.600  0.000
      sb_6__6_             sb_1__1_          1793.08    2415.36  cross     4    0.000  0.000  0.000  40.800  73.600  40.800  73.600  0.000
      sb_6__7_             sb_1__1_          1793.08    2801.60  cross     4    0.000  0.000  0.000  40.800  73.600  40.800  73.600  0.000
      sb_7__1_             sb_1__1_          2076.90     484.16  cross     4    0.000  0.000  0.000  40.800  73.600  40.800  73.600  0.000
      sb_7__2_             sb_1__1_          2076.90     870.40  cross     4    0.000  0.000  0.000  40.800  73.600  40.800  73.600  0.000
      sb_7__3_             sb_1__1_          2076.90    1256.64  cross     4    0.000  0.000  0.000  40.800  73.600  40.800  73.600  0.000
      sb_7__4_             sb_1__1_          2076.90    1642.88  cross     4    0.000  0.000  0.000  40.800  73.600  40.800  73.600  0.000
      sb_7__5_             sb_1__1_          2076.90    2029.12  cross     4    0.000  0.000  0.000  40.800  73.600  40.800  73.600  0.000
      sb_7__6_             sb_1__1_          2076.90    2415.36  cross     4    0.000  0.000  0.000  40.800  73.600  40.800  73.600  0.000
      sb_7__7_             sb_1__1_          2076.90    2801.60  cross     4    0.000  0.000  0.000  40.800  73.600  40.800  73.600  0.000
      sb_1__8_             sb_1__8_           373.98    3187.84  cross     4    0.000  0.000  0.000  141.440  73.600  141.440  73.600  0.000
      sb_2__8_             sb_1__8_           657.80    3187.84  cross     4    0.000  0.000  0.000  141.440  73.600  141.440  73.600  0.000
      sb_3__8_             sb_1__8_           941.62    3187.84  cross     4    0.000  0.000  0.000  141.440  73.600  141.440  73.600  0.000
      sb_4__8_             sb_1__8_          1225.44    3187.84  cross     4    0.000  0.000  0.000  141.440  73.600  141.440  73.600  0.000
      sb_5__8_             sb_1__8_          1509.26    3187.84  cross     4    0.000  0.000  0.000  141.440  73.600  141.440  73.600  0.000
      sb_6__8_             sb_1__8_          1793.08    3187.84  cross     4    0.000  0.000  0.000  141.440  73.600  141.440  73.600  0.000
      sb_7__8_             sb_1__8_          2076.90    3187.84  cross     4    0.000  0.000  0.000  141.440  73.600  141.440  73.600  0.000
      sb_8__0_             sb_8__0_          2360.72       5.44  cross     4    0.000  0.000  0.000  133.280  154.560  133.280  154.560  0.000
      sb_8__1_             sb_8__1_          2360.72     484.16  cross     4    0.000  0.000  0.000  40.800  154.560  40.800  154.560  0.000
      sb_8__2_             sb_8__1_          2360.72     870.40  cross     4    0.000  0.000  0.000  40.800  154.560  40.800  154.560  0.000
      sb_8__3_             sb_8__1_          2360.72    1256.64  cross     4    0.000  0.000  0.000  40.800  154.560  40.800  154.560  0.000
      sb_8__4_             sb_8__1_          2360.72    1642.88  cross     4    0.000  0.000  0.000  40.800  154.560  40.800  154.560  0.000
      sb_8__5_             sb_8__1_          2360.72    2029.12  cross     4    0.000  0.000  0.000  40.800  154.560  40.800  154.560  0.000
      sb_8__6_             sb_8__1_          2360.72    2415.36  cross     4    0.000  0.000  0.000  40.800  154.560  40.800  154.560  0.000
      sb_8__7_             sb_8__1_          2360.72    2801.60  cross     4    0.000  0.000  0.000  40.800  154.560  40.800  154.560  0.000
      sb_8__8_             sb_8__8_          2360.72    3187.84  cross     4    0.000  0.000  0.000  141.440  154.560  141.440  154.560  0.000
     cbx_1__1_            cbx_1__1_           163.76     484.16   rect     4    0.000  0.000  0.000  40.800  210.220  40.800  210.220  0.000
     cbx_1__2_            cbx_1__1_           163.76     870.40   rect     4    0.000  0.000  0.000  40.800  210.220  40.800  210.220  0.000
     cbx_1__3_            cbx_1__1_           163.76    1256.64   rect     4    0.000  0.000  0.000  40.800  210.220  40.800  210.220  0.000
     cbx_1__4_            cbx_1__1_           163.76    1642.88   rect     4    0.000  0.000  0.000  40.800  210.220  40.800  210.220  0.000
     cbx_1__5_            cbx_1__1_           163.76    2029.12   rect     4    0.000  0.000  0.000  40.800  210.220  40.800  210.220  0.000
     cbx_1__6_            cbx_1__1_           163.76    2415.36   rect     4    0.000  0.000  0.000  40.800  210.220  40.800  210.220  0.000
     cbx_1__7_            cbx_1__1_           163.76    2801.60   rect     4    0.000  0.000  0.000  40.800  210.220  40.800  210.220  0.000
     cbx_2__1_            cbx_1__1_           447.58     484.16   rect     4    0.000  0.000  0.000  40.800  210.220  40.800  210.220  0.000
     cbx_2__2_            cbx_1__1_           447.58     870.40   rect     4    0.000  0.000  0.000  40.800  210.220  40.800  210.220  0.000
     cbx_2__3_            cbx_1__1_           447.58    1256.64   rect     4    0.000  0.000  0.000  40.800  210.220  40.800  210.220  0.000
     cbx_2__4_            cbx_1__1_           447.58    1642.88   rect     4    0.000  0.000  0.000  40.800  210.220  40.800  210.220  0.000
     cbx_2__5_            cbx_1__1_           447.58    2029.12   rect     4    0.000  0.000  0.000  40.800  210.220  40.800  210.220  0.000
     cbx_2__6_            cbx_1__1_           447.58    2415.36   rect     4    0.000  0.000  0.000  40.800  210.220  40.800  210.220  0.000
     cbx_2__7_            cbx_1__1_           447.58    2801.60   rect     4    0.000  0.000  0.000  40.800  210.220  40.800  210.220  0.000
     cbx_3__1_            cbx_1__1_           731.40     484.16   rect     4    0.000  0.000  0.000  40.800  210.220  40.800  210.220  0.000
     cbx_3__2_            cbx_1__1_           731.40     870.40   rect     4    0.000  0.000  0.000  40.800  210.220  40.800  210.220  0.000
     cbx_3__3_            cbx_1__1_           731.40    1256.64   rect     4    0.000  0.000  0.000  40.800  210.220  40.800  210.220  0.000
     cbx_3__4_            cbx_1__1_           731.40    1642.88   rect     4    0.000  0.000  0.000  40.800  210.220  40.800  210.220  0.000
     cbx_3__5_            cbx_1__1_           731.40    2029.12   rect     4    0.000  0.000  0.000  40.800  210.220  40.800  210.220  0.000
     cbx_3__6_            cbx_1__1_           731.40    2415.36   rect     4    0.000  0.000  0.000  40.800  210.220  40.800  210.220  0.000
     cbx_3__7_            cbx_1__1_           731.40    2801.60   rect     4    0.000  0.000  0.000  40.800  210.220  40.800  210.220  0.000
     cbx_4__1_            cbx_1__1_          1015.22     484.16   rect     4    0.000  0.000  0.000  40.800  210.220  40.800  210.220  0.000
     cbx_4__2_            cbx_1__1_          1015.22     870.40   rect     4    0.000  0.000  0.000  40.800  210.220  40.800  210.220  0.000
     cbx_4__3_            cbx_1__1_          1015.22    1256.64   rect     4    0.000  0.000  0.000  40.800  210.220  40.800  210.220  0.000
     cbx_4__4_            cbx_1__1_          1015.22    1642.88   rect     4    0.000  0.000  0.000  40.800  210.220  40.800  210.220  0.000
     cbx_4__5_            cbx_1__1_          1015.22    2029.12   rect     4    0.000  0.000  0.000  40.800  210.220  40.800  210.220  0.000
     cbx_4__6_            cbx_1__1_          1015.22    2415.36   rect     4    0.000  0.000  0.000  40.800  210.220  40.800  210.220  0.000
     cbx_4__7_            cbx_1__1_          1015.22    2801.60   rect     4    0.000  0.000  0.000  40.800  210.220  40.800  210.220  0.000
     cbx_5__1_            cbx_1__1_          1299.04     484.16   rect     4    0.000  0.000  0.000  40.800  210.220  40.800  210.220  0.000
     cbx_5__2_            cbx_1__1_          1299.04     870.40   rect     4    0.000  0.000  0.000  40.800  210.220  40.800  210.220  0.000
     cbx_5__3_            cbx_1__1_          1299.04    1256.64   rect     4    0.000  0.000  0.000  40.800  210.220  40.800  210.220  0.000
     cbx_5__4_            cbx_1__1_          1299.04    1642.88   rect     4    0.000  0.000  0.000  40.800  210.220  40.800  210.220  0.000
     cbx_5__5_            cbx_1__1_          1299.04    2029.12   rect     4    0.000  0.000  0.000  40.800  210.220  40.800  210.220  0.000
     cbx_5__6_            cbx_1__1_          1299.04    2415.36   rect     4    0.000  0.000  0.000  40.800  210.220  40.800  210.220  0.000
     cbx_5__7_            cbx_1__1_          1299.04    2801.60   rect     4    0.000  0.000  0.000  40.800  210.220  40.800  210.220  0.000
     cbx_6__1_            cbx_1__1_          1582.86     484.16   rect     4    0.000  0.000  0.000  40.800  210.220  40.800  210.220  0.000
     cbx_6__2_            cbx_1__1_          1582.86     870.40   rect     4    0.000  0.000  0.000  40.800  210.220  40.800  210.220  0.000
     cbx_6__3_            cbx_1__1_          1582.86    1256.64   rect     4    0.000  0.000  0.000  40.800  210.220  40.800  210.220  0.000
     cbx_6__4_            cbx_1__1_          1582.86    1642.88   rect     4    0.000  0.000  0.000  40.800  210.220  40.800  210.220  0.000
     cbx_6__5_            cbx_1__1_          1582.86    2029.12   rect     4    0.000  0.000  0.000  40.800  210.220  40.800  210.220  0.000
     cbx_6__6_            cbx_1__1_          1582.86    2415.36   rect     4    0.000  0.000  0.000  40.800  210.220  40.800  210.220  0.000
     cbx_6__7_            cbx_1__1_          1582.86    2801.60   rect     4    0.000  0.000  0.000  40.800  210.220  40.800  210.220  0.000
     cbx_7__1_            cbx_1__1_          1866.68     484.16   rect     4    0.000  0.000  0.000  40.800  210.220  40.800  210.220  0.000
     cbx_7__2_            cbx_1__1_          1866.68     870.40   rect     4    0.000  0.000  0.000  40.800  210.220  40.800  210.220  0.000
     cbx_7__3_            cbx_1__1_          1866.68    1256.64   rect     4    0.000  0.000  0.000  40.800  210.220  40.800  210.220  0.000
     cbx_7__4_            cbx_1__1_          1866.68    1642.88   rect     4    0.000  0.000  0.000  40.800  210.220  40.800  210.220  0.000
     cbx_7__5_            cbx_1__1_          1866.68    2029.12   rect     4    0.000  0.000  0.000  40.800  210.220  40.800  210.220  0.000
     cbx_7__6_            cbx_1__1_          1866.68    2415.36   rect     4    0.000  0.000  0.000  40.800  210.220  40.800  210.220  0.000
     cbx_7__7_            cbx_1__1_          1866.68    2801.60   rect     4    0.000  0.000  0.000  40.800  210.220  40.800  210.220  0.000
     cbx_8__1_            cbx_1__1_          2150.50     484.16   rect     4    0.000  0.000  0.000  40.800  210.220  40.800  210.220  0.000
     cbx_8__2_            cbx_1__1_          2150.50     870.40   rect     4    0.000  0.000  0.000  40.800  210.220  40.800  210.220  0.000
     cbx_8__3_            cbx_1__1_          2150.50    1256.64   rect     4    0.000  0.000  0.000  40.800  210.220  40.800  210.220  0.000
     cbx_8__4_            cbx_1__1_          2150.50    1642.88   rect     4    0.000  0.000  0.000  40.800  210.220  40.800  210.220  0.000
     cbx_8__5_            cbx_1__1_          2150.50    2029.12   rect     4    0.000  0.000  0.000  40.800  210.220  40.800  210.220  0.000
     cbx_8__6_            cbx_1__1_          2150.50    2415.36   rect     4    0.000  0.000  0.000  40.800  210.220  40.800  210.220  0.000
     cbx_8__7_            cbx_1__1_          2150.50    2801.60   rect     4    0.000  0.000  0.000  40.800  210.220  40.800  210.220  0.000
     cby_1__1_            cby_1__1_           373.98     138.72   rect     4    0.000  0.000  0.000  345.440  73.600  345.440  73.600  0.000
     cby_1__2_            cby_1__1_           373.98     524.96   rect     4    0.000  0.000  0.000  345.440  73.600  345.440  73.600  0.000
     cby_1__3_            cby_1__1_           373.98     911.20   rect     4    0.000  0.000  0.000  345.440  73.600  345.440  73.600  0.000
     cby_1__4_            cby_1__1_           373.98    1297.44   rect     4    0.000  0.000  0.000  345.440  73.600  345.440  73.600  0.000
     cby_1__5_            cby_1__1_           373.98    1683.68   rect     4    0.000  0.000  0.000  345.440  73.600  345.440  73.600  0.000
     cby_1__6_            cby_1__1_           373.98    2069.92   rect     4    0.000  0.000  0.000  345.440  73.600  345.440  73.600  0.000
     cby_1__7_            cby_1__1_           373.98    2456.16   rect     4    0.000  0.000  0.000  345.440  73.600  345.440  73.600  0.000
     cby_1__8_            cby_1__1_           373.98    2842.40   rect     4    0.000  0.000  0.000  345.440  73.600  345.440  73.600  0.000
     cby_2__1_            cby_1__1_           657.80     138.72   rect     4    0.000  0.000  0.000  345.440  73.600  345.440  73.600  0.000
     cby_2__2_            cby_1__1_           657.80     524.96   rect     4    0.000  0.000  0.000  345.440  73.600  345.440  73.600  0.000
     cby_2__3_            cby_1__1_           657.80     911.20   rect     4    0.000  0.000  0.000  345.440  73.600  345.440  73.600  0.000
     cby_2__4_            cby_1__1_           657.80    1297.44   rect     4    0.000  0.000  0.000  345.440  73.600  345.440  73.600  0.000
     cby_2__5_            cby_1__1_           657.80    1683.68   rect     4    0.000  0.000  0.000  345.440  73.600  345.440  73.600  0.000
     cby_2__6_            cby_1__1_           657.80    2069.92   rect     4    0.000  0.000  0.000  345.440  73.600  345.440  73.600  0.000
     cby_2__7_            cby_1__1_           657.80    2456.16   rect     4    0.000  0.000  0.000  345.440  73.600  345.440  73.600  0.000
     cby_2__8_            cby_1__1_           657.80    2842.40   rect     4    0.000  0.000  0.000  345.440  73.600  345.440  73.600  0.000
     cby_3__1_            cby_1__1_           941.62     138.72   rect     4    0.000  0.000  0.000  345.440  73.600  345.440  73.600  0.000
     cby_3__2_            cby_1__1_           941.62     524.96   rect     4    0.000  0.000  0.000  345.440  73.600  345.440  73.600  0.000
     cby_3__3_            cby_1__1_           941.62     911.20   rect     4    0.000  0.000  0.000  345.440  73.600  345.440  73.600  0.000
     cby_3__4_            cby_1__1_           941.62    1297.44   rect     4    0.000  0.000  0.000  345.440  73.600  345.440  73.600  0.000
     cby_3__5_            cby_1__1_           941.62    1683.68   rect     4    0.000  0.000  0.000  345.440  73.600  345.440  73.600  0.000
     cby_3__6_            cby_1__1_           941.62    2069.92   rect     4    0.000  0.000  0.000  345.440  73.600  345.440  73.600  0.000
     cby_3__7_            cby_1__1_           941.62    2456.16   rect     4    0.000  0.000  0.000  345.440  73.600  345.440  73.600  0.000
     cby_3__8_            cby_1__1_           941.62    2842.40   rect     4    0.000  0.000  0.000  345.440  73.600  345.440  73.600  0.000
     cby_4__1_            cby_1__1_          1225.44     138.72   rect     4    0.000  0.000  0.000  345.440  73.600  345.440  73.600  0.000
     cby_4__2_            cby_1__1_          1225.44     524.96   rect     4    0.000  0.000  0.000  345.440  73.600  345.440  73.600  0.000
     cby_4__3_            cby_1__1_          1225.44     911.20   rect     4    0.000  0.000  0.000  345.440  73.600  345.440  73.600  0.000
     cby_4__4_            cby_1__1_          1225.44    1297.44   rect     4    0.000  0.000  0.000  345.440  73.600  345.440  73.600  0.000
     cby_4__5_            cby_1__1_          1225.44    1683.68   rect     4    0.000  0.000  0.000  345.440  73.600  345.440  73.600  0.000
     cby_4__6_            cby_1__1_          1225.44    2069.92   rect     4    0.000  0.000  0.000  345.440  73.600  345.440  73.600  0.000
     cby_4__7_            cby_1__1_          1225.44    2456.16   rect     4    0.000  0.000  0.000  345.440  73.600  345.440  73.600  0.000
     cby_4__8_            cby_1__1_          1225.44    2842.40   rect     4    0.000  0.000  0.000  345.440  73.600  345.440  73.600  0.000
     cby_5__1_            cby_1__1_          1509.26     138.72   rect     4    0.000  0.000  0.000  345.440  73.600  345.440  73.600  0.000
     cby_5__2_            cby_1__1_          1509.26     524.96   rect     4    0.000  0.000  0.000  345.440  73.600  345.440  73.600  0.000
     cby_5__3_            cby_1__1_          1509.26     911.20   rect     4    0.000  0.000  0.000  345.440  73.600  345.440  73.600  0.000
     cby_5__4_            cby_1__1_          1509.26    1297.44   rect     4    0.000  0.000  0.000  345.440  73.600  345.440  73.600  0.000
     cby_5__5_            cby_1__1_          1509.26    1683.68   rect     4    0.000  0.000  0.000  345.440  73.600  345.440  73.600  0.000
     cby_5__6_            cby_1__1_          1509.26    2069.92   rect     4    0.000  0.000  0.000  345.440  73.600  345.440  73.600  0.000
     cby_5__7_            cby_1__1_          1509.26    2456.16   rect     4    0.000  0.000  0.000  345.440  73.600  345.440  73.600  0.000
     cby_5__8_            cby_1__1_          1509.26    2842.40   rect     4    0.000  0.000  0.000  345.440  73.600  345.440  73.600  0.000
     cby_6__1_            cby_1__1_          1793.08     138.72   rect     4    0.000  0.000  0.000  345.440  73.600  345.440  73.600  0.000
     cby_6__2_            cby_1__1_          1793.08     524.96   rect     4    0.000  0.000  0.000  345.440  73.600  345.440  73.600  0.000
     cby_6__3_            cby_1__1_          1793.08     911.20   rect     4    0.000  0.000  0.000  345.440  73.600  345.440  73.600  0.000
     cby_6__4_            cby_1__1_          1793.08    1297.44   rect     4    0.000  0.000  0.000  345.440  73.600  345.440  73.600  0.000
     cby_6__5_            cby_1__1_          1793.08    1683.68   rect     4    0.000  0.000  0.000  345.440  73.600  345.440  73.600  0.000
     cby_6__6_            cby_1__1_          1793.08    2069.92   rect     4    0.000  0.000  0.000  345.440  73.600  345.440  73.600  0.000
     cby_6__7_            cby_1__1_          1793.08    2456.16   rect     4    0.000  0.000  0.000  345.440  73.600  345.440  73.600  0.000
     cby_6__8_            cby_1__1_          1793.08    2842.40   rect     4    0.000  0.000  0.000  345.440  73.600  345.440  73.600  0.000
     cby_7__1_            cby_1__1_          2076.90     138.72   rect     4    0.000  0.000  0.000  345.440  73.600  345.440  73.600  0.000
     cby_7__2_            cby_1__1_          2076.90     524.96   rect     4    0.000  0.000  0.000  345.440  73.600  345.440  73.600  0.000
     cby_7__3_            cby_1__1_          2076.90     911.20   rect     4    0.000  0.000  0.000  345.440  73.600  345.440  73.600  0.000
     cby_7__4_            cby_1__1_          2076.90    1297.44   rect     4    0.000  0.000  0.000  345.440  73.600  345.440  73.600  0.000
     cby_7__5_            cby_1__1_          2076.90    1683.68   rect     4    0.000  0.000  0.000  345.440  73.600  345.440  73.600  0.000
     cby_7__6_            cby_1__1_          2076.90    2069.92   rect     4    0.000  0.000  0.000  345.440  73.600  345.440  73.600  0.000
     cby_7__7_            cby_1__1_          2076.90    2456.16   rect     4    0.000  0.000  0.000  345.440  73.600  345.440  73.600  0.000
     cby_7__8_            cby_1__1_          2076.90    2842.40   rect     4    0.000  0.000  0.000  345.440  73.600  345.440  73.600  0.000
     cby_0__1_            cby_0__1_             9.20     138.72   rect     4    0.000  0.000  0.000  345.440  154.560  345.440  154.560  0.000
     cby_0__2_            cby_0__1_             9.20     524.96   rect     4    0.000  0.000  0.000  345.440  154.560  345.440  154.560  0.000
     cby_0__3_            cby_0__1_             9.20     911.20   rect     4    0.000  0.000  0.000  345.440  154.560  345.440  154.560  0.000
     cby_0__4_            cby_0__1_             9.20    1297.44   rect     4    0.000  0.000  0.000  345.440  154.560  345.440  154.560  0.000
     cby_0__5_            cby_0__1_             9.20    1683.68   rect     4    0.000  0.000  0.000  345.440  154.560  345.440  154.560  0.000
     cby_0__6_            cby_0__1_             9.20    2069.92   rect     4    0.000  0.000  0.000  345.440  154.560  345.440  154.560  0.000
     cby_0__7_            cby_0__1_             9.20    2456.16   rect     4    0.000  0.000  0.000  345.440  154.560  345.440  154.560  0.000
     cby_0__8_            cby_0__1_             9.20    2842.40   rect     4    0.000  0.000  0.000  345.440  154.560  345.440  154.560  0.000
     cbx_1__8_            cbx_1__8_           163.76    3187.84   rect     4    0.000  0.000  0.000  141.440  210.220  141.440  210.220  0.000
     cbx_2__8_            cbx_1__8_           447.58    3187.84   rect     4    0.000  0.000  0.000  141.440  210.220  141.440  210.220  0.000
     cbx_3__8_            cbx_1__8_           731.40    3187.84   rect     4    0.000  0.000  0.000  141.440  210.220  141.440  210.220  0.000
     cbx_4__8_            cbx_1__8_          1015.22    3187.84   rect     4    0.000  0.000  0.000  141.440  210.220  141.440  210.220  0.000
     cbx_5__8_            cbx_1__8_          1299.04    3187.84   rect     4    0.000  0.000  0.000  141.440  210.220  141.440  210.220  0.000
     cbx_6__8_            cbx_1__8_          1582.86    3187.84   rect     4    0.000  0.000  0.000  141.440  210.220  141.440  210.220  0.000
     cbx_7__8_            cbx_1__8_          1866.68    3187.84   rect     4    0.000  0.000  0.000  141.440  210.220  141.440  210.220  0.000
     cbx_8__8_            cbx_1__8_          2150.50    3187.84   rect     4    0.000  0.000  0.000  141.440  210.220  141.440  210.220  0.000
     cby_8__8_            cby_8__1_          2360.72    2842.40   rect     4    0.000  0.000  0.000  345.440  154.560  345.440  154.560  0.000
     cby_8__7_            cby_8__1_          2360.72    2456.16   rect     4    0.000  0.000  0.000  345.440  154.560  345.440  154.560  0.000
     cby_8__6_            cby_8__1_          2360.72    2069.92   rect     4    0.000  0.000  0.000  345.440  154.560  345.440  154.560  0.000
     cby_8__5_            cby_8__1_          2360.72    1683.68   rect     4    0.000  0.000  0.000  345.440  154.560  345.440  154.560  0.000
     cby_8__4_            cby_8__1_          2360.72    1297.44   rect     4    0.000  0.000  0.000  345.440  154.560  345.440  154.560  0.000
     cby_8__3_            cby_8__1_          2360.72     911.20   rect     4    0.000  0.000  0.000  345.440  154.560  345.440  154.560  0.000
     cby_8__2_            cby_8__1_          2360.72     524.96   rect     4    0.000  0.000  0.000  345.440  154.560  345.440  154.560  0.000
     cby_8__1_            cby_8__1_          2360.72     138.72   rect     4    0.000  0.000  0.000  345.440  154.560  345.440  154.560  0.000
     cbx_8__0_            cbx_1__0_          2150.50       5.44   rect     4    0.000  0.000  0.000  133.280  210.220  133.280  210.220  0.000
     cbx_7__0_            cbx_1__0_          1866.68       5.44   rect     4    0.000  0.000  0.000  133.280  210.220  133.280  210.220  0.000
     cbx_6__0_            cbx_1__0_          1582.86       5.44   rect     4    0.000  0.000  0.000  133.280  210.220  133.280  210.220  0.000
     cbx_5__0_            cbx_1__0_          1299.04       5.44   rect     4    0.000  0.000  0.000  133.280  210.220  133.280  210.220  0.000
     cbx_4__0_            cbx_1__0_          1015.22       5.44   rect     4    0.000  0.000  0.000  133.280  210.220  133.280  210.220  0.000
     cbx_3__0_            cbx_1__0_           731.40       5.44   rect     4    0.000  0.000  0.000  133.280  210.220  133.280  210.220  0.000
     cbx_2__0_            cbx_1__0_           447.58       5.44   rect     4    0.000  0.000  0.000  133.280  210.220  133.280  210.220  0.000
     cbx_1__0_            cbx_1__0_           163.76       5.44   rect     4    0.000  0.000  0.000  133.280  210.220  133.280  210.220  0.000
      fpga_top             fpga_top             0.00       0.00   rect     4    0.000  0.000  0.000  3334.720  2524.480  3334.720  2524.480  0.000
