      INSTANCE              MODULE          LOC_X      LOC_Y    SHAPE BBOX_PT  POINTS              
 = = = = = = = = = = = = = = = = = = = = = = = = = = = = = = = = = = = = = = = = = = = = = = = = = = = = = = = = = = = =
   grid_clb_1__1_          grid_clb           34.176     24.480   rect     4    0.000  0.000  0.000  60.960  43.872  60.960  43.872  0.000
   grid_clb_1__2_          grid_clb           34.176     92.640   rect     4    0.000  0.000  0.000  60.960  43.872  60.960  43.872  0.000
   grid_clb_1__3_          grid_clb           34.176    160.800   rect     4    0.000  0.000  0.000  60.960  43.872  60.960  43.872  0.000
   grid_clb_1__4_          grid_clb           34.176    228.960   rect     4    0.000  0.000  0.000  60.960  43.872  60.960  43.872  0.000
   grid_clb_1__5_          grid_clb           34.176    297.120   rect     4    0.000  0.000  0.000  60.960  43.872  60.960  43.872  0.000
   grid_clb_1__6_          grid_clb           34.176    365.280   rect     4    0.000  0.000  0.000  60.960  43.872  60.960  43.872  0.000
   grid_clb_1__7_          grid_clb           34.176    433.440   rect     4    0.000  0.000  0.000  60.960  43.872  60.960  43.872  0.000
   grid_clb_1__8_          grid_clb           34.176    501.600   rect     4    0.000  0.000  0.000  60.960  43.872  60.960  43.872  0.000
   grid_clb_2__1_          grid_clb           93.408     24.480   rect     4    0.000  0.000  0.000  60.960  43.872  60.960  43.872  0.000
   grid_clb_2__2_          grid_clb           93.408     92.640   rect     4    0.000  0.000  0.000  60.960  43.872  60.960  43.872  0.000
   grid_clb_2__3_          grid_clb           93.408    160.800   rect     4    0.000  0.000  0.000  60.960  43.872  60.960  43.872  0.000
   grid_clb_2__4_          grid_clb           93.408    228.960   rect     4    0.000  0.000  0.000  60.960  43.872  60.960  43.872  0.000
   grid_clb_2__5_          grid_clb           93.408    297.120   rect     4    0.000  0.000  0.000  60.960  43.872  60.960  43.872  0.000
   grid_clb_2__6_          grid_clb           93.408    365.280   rect     4    0.000  0.000  0.000  60.960  43.872  60.960  43.872  0.000
   grid_clb_2__7_          grid_clb           93.408    433.440   rect     4    0.000  0.000  0.000  60.960  43.872  60.960  43.872  0.000
   grid_clb_2__8_          grid_clb           93.408    501.600   rect     4    0.000  0.000  0.000  60.960  43.872  60.960  43.872  0.000
   grid_clb_3__1_          grid_clb          152.640     24.480   rect     4    0.000  0.000  0.000  60.960  43.872  60.960  43.872  0.000
   grid_clb_3__2_          grid_clb          152.640     92.640   rect     4    0.000  0.000  0.000  60.960  43.872  60.960  43.872  0.000
   grid_clb_3__3_          grid_clb          152.640    160.800   rect     4    0.000  0.000  0.000  60.960  43.872  60.960  43.872  0.000
   grid_clb_3__4_          grid_clb          152.640    228.960   rect     4    0.000  0.000  0.000  60.960  43.872  60.960  43.872  0.000
   grid_clb_3__5_          grid_clb          152.640    297.120   rect     4    0.000  0.000  0.000  60.960  43.872  60.960  43.872  0.000
   grid_clb_3__6_          grid_clb          152.640    365.280   rect     4    0.000  0.000  0.000  60.960  43.872  60.960  43.872  0.000
   grid_clb_3__7_          grid_clb          152.640    433.440   rect     4    0.000  0.000  0.000  60.960  43.872  60.960  43.872  0.000
   grid_clb_3__8_          grid_clb          152.640    501.600   rect     4    0.000  0.000  0.000  60.960  43.872  60.960  43.872  0.000
   grid_clb_4__1_          grid_clb          211.872     24.480   rect     4    0.000  0.000  0.000  60.960  43.872  60.960  43.872  0.000
   grid_clb_4__2_          grid_clb          211.872     92.640   rect     4    0.000  0.000  0.000  60.960  43.872  60.960  43.872  0.000
   grid_clb_4__3_          grid_clb          211.872    160.800   rect     4    0.000  0.000  0.000  60.960  43.872  60.960  43.872  0.000
   grid_clb_4__4_          grid_clb          211.872    228.960   rect     4    0.000  0.000  0.000  60.960  43.872  60.960  43.872  0.000
   grid_clb_4__5_          grid_clb          211.872    297.120   rect     4    0.000  0.000  0.000  60.960  43.872  60.960  43.872  0.000
   grid_clb_4__6_          grid_clb          211.872    365.280   rect     4    0.000  0.000  0.000  60.960  43.872  60.960  43.872  0.000
   grid_clb_4__7_          grid_clb          211.872    433.440   rect     4    0.000  0.000  0.000  60.960  43.872  60.960  43.872  0.000
   grid_clb_4__8_          grid_clb          211.872    501.600   rect     4    0.000  0.000  0.000  60.960  43.872  60.960  43.872  0.000
   grid_clb_5__1_          grid_clb          271.104     24.480   rect     4    0.000  0.000  0.000  60.960  43.872  60.960  43.872  0.000
   grid_clb_5__2_          grid_clb          271.104     92.640   rect     4    0.000  0.000  0.000  60.960  43.872  60.960  43.872  0.000
   grid_clb_5__3_          grid_clb          271.104    160.800   rect     4    0.000  0.000  0.000  60.960  43.872  60.960  43.872  0.000
   grid_clb_5__4_          grid_clb          271.104    228.960   rect     4    0.000  0.000  0.000  60.960  43.872  60.960  43.872  0.000
   grid_clb_5__5_          grid_clb          271.104    297.120   rect     4    0.000  0.000  0.000  60.960  43.872  60.960  43.872  0.000
   grid_clb_5__6_          grid_clb          271.104    365.280   rect     4    0.000  0.000  0.000  60.960  43.872  60.960  43.872  0.000
   grid_clb_5__7_          grid_clb          271.104    433.440   rect     4    0.000  0.000  0.000  60.960  43.872  60.960  43.872  0.000
   grid_clb_5__8_          grid_clb          271.104    501.600   rect     4    0.000  0.000  0.000  60.960  43.872  60.960  43.872  0.000
   grid_clb_6__1_          grid_clb          330.336     24.480   rect     4    0.000  0.000  0.000  60.960  43.872  60.960  43.872  0.000
   grid_clb_6__2_          grid_clb          330.336     92.640   rect     4    0.000  0.000  0.000  60.960  43.872  60.960  43.872  0.000
   grid_clb_6__3_          grid_clb          330.336    160.800   rect     4    0.000  0.000  0.000  60.960  43.872  60.960  43.872  0.000
   grid_clb_6__4_          grid_clb          330.336    228.960   rect     4    0.000  0.000  0.000  60.960  43.872  60.960  43.872  0.000
   grid_clb_6__5_          grid_clb          330.336    297.120   rect     4    0.000  0.000  0.000  60.960  43.872  60.960  43.872  0.000
   grid_clb_6__6_          grid_clb          330.336    365.280   rect     4    0.000  0.000  0.000  60.960  43.872  60.960  43.872  0.000
   grid_clb_6__7_          grid_clb          330.336    433.440   rect     4    0.000  0.000  0.000  60.960  43.872  60.960  43.872  0.000
   grid_clb_6__8_          grid_clb          330.336    501.600   rect     4    0.000  0.000  0.000  60.960  43.872  60.960  43.872  0.000
   grid_clb_7__1_          grid_clb          389.568     24.480   rect     4    0.000  0.000  0.000  60.960  43.872  60.960  43.872  0.000
   grid_clb_7__2_          grid_clb          389.568     92.640   rect     4    0.000  0.000  0.000  60.960  43.872  60.960  43.872  0.000
   grid_clb_7__3_          grid_clb          389.568    160.800   rect     4    0.000  0.000  0.000  60.960  43.872  60.960  43.872  0.000
   grid_clb_7__4_          grid_clb          389.568    228.960   rect     4    0.000  0.000  0.000  60.960  43.872  60.960  43.872  0.000
   grid_clb_7__5_          grid_clb          389.568    297.120   rect     4    0.000  0.000  0.000  60.960  43.872  60.960  43.872  0.000
   grid_clb_7__6_          grid_clb          389.568    365.280   rect     4    0.000  0.000  0.000  60.960  43.872  60.960  43.872  0.000
   grid_clb_7__7_          grid_clb          389.568    433.440   rect     4    0.000  0.000  0.000  60.960  43.872  60.960  43.872  0.000
   grid_clb_7__8_          grid_clb          389.568    501.600   rect     4    0.000  0.000  0.000  60.960  43.872  60.960  43.872  0.000
   grid_clb_8__1_          grid_clb          448.800     24.480   rect     4    0.000  0.000  0.000  60.960  43.872  60.960  43.872  0.000
   grid_clb_8__2_          grid_clb          448.800     92.640   rect     4    0.000  0.000  0.000  60.960  43.872  60.960  43.872  0.000
   grid_clb_8__3_          grid_clb          448.800    160.800   rect     4    0.000  0.000  0.000  60.960  43.872  60.960  43.872  0.000
   grid_clb_8__4_          grid_clb          448.800    228.960   rect     4    0.000  0.000  0.000  60.960  43.872  60.960  43.872  0.000
   grid_clb_8__5_          grid_clb          448.800    297.120   rect     4    0.000  0.000  0.000  60.960  43.872  60.960  43.872  0.000
   grid_clb_8__6_          grid_clb          448.800    365.280   rect     4    0.000  0.000  0.000  60.960  43.872  60.960  43.872  0.000
   grid_clb_8__7_          grid_clb          448.800    433.440   rect     4    0.000  0.000  0.000  60.960  43.872  60.960  43.872  0.000
   grid_clb_8__8_          grid_clb          448.800    501.600   rect     4    0.000  0.000  0.000  60.960  43.872  60.960  43.872  0.000
      sb_0__0_             sb_0__0_            1.920      0.960  cross     4    0.000  0.000  0.000  23.520  32.256  23.520  32.256  0.000
      sb_0__1_             sb_0__1_            1.920     85.440  cross     4    0.000  0.000  0.000  7.200  32.256  7.200  32.256  0.000
      sb_0__2_             sb_0__1_            1.920    153.600  cross     4    0.000  0.000  0.000  7.200  32.256  7.200  32.256  0.000
      sb_0__3_             sb_0__1_            1.920    221.760  cross     4    0.000  0.000  0.000  7.200  32.256  7.200  32.256  0.000
      sb_0__4_             sb_0__1_            1.920    289.920  cross     4    0.000  0.000  0.000  7.200  32.256  7.200  32.256  0.000
      sb_0__5_             sb_0__1_            1.920    358.080  cross     4    0.000  0.000  0.000  7.200  32.256  7.200  32.256  0.000
      sb_0__6_             sb_0__1_            1.920    426.240  cross     4    0.000  0.000  0.000  7.200  32.256  7.200  32.256  0.000
      sb_0__7_             sb_0__1_            1.920    494.400  cross     4    0.000  0.000  0.000  7.200  32.256  7.200  32.256  0.000
      sb_0__8_             sb_0__8_            1.920    562.560  cross     4    0.000  0.000  0.000  24.960  32.256  24.960  32.256  0.000
      sb_1__0_             sb_1__0_           78.048      0.960  cross     4    0.000  0.000  0.000  23.520  15.360  23.520  15.360  0.000
      sb_2__0_             sb_1__0_          137.280      0.960  cross     4    0.000  0.000  0.000  23.520  15.360  23.520  15.360  0.000
      sb_3__0_             sb_1__0_          196.512      0.960  cross     4    0.000  0.000  0.000  23.520  15.360  23.520  15.360  0.000
      sb_4__0_             sb_1__0_          255.744      0.960  cross     4    0.000  0.000  0.000  23.520  15.360  23.520  15.360  0.000
      sb_5__0_             sb_1__0_          314.976      0.960  cross     4    0.000  0.000  0.000  23.520  15.360  23.520  15.360  0.000
      sb_6__0_             sb_1__0_          374.208      0.960  cross     4    0.000  0.000  0.000  23.520  15.360  23.520  15.360  0.000
      sb_7__0_             sb_1__0_          433.440      0.960  cross     4    0.000  0.000  0.000  23.520  15.360  23.520  15.360  0.000
      sb_1__1_             sb_1__1_           78.048     85.440  cross     4    0.000  0.000  0.000  7.200  15.360  7.200  15.360  0.000
      sb_1__2_             sb_1__1_           78.048    153.600  cross     4    0.000  0.000  0.000  7.200  15.360  7.200  15.360  0.000
      sb_1__3_             sb_1__1_           78.048    221.760  cross     4    0.000  0.000  0.000  7.200  15.360  7.200  15.360  0.000
      sb_1__4_             sb_1__1_           78.048    289.920  cross     4    0.000  0.000  0.000  7.200  15.360  7.200  15.360  0.000
      sb_1__5_             sb_1__1_           78.048    358.080  cross     4    0.000  0.000  0.000  7.200  15.360  7.200  15.360  0.000
      sb_1__6_             sb_1__1_           78.048    426.240  cross     4    0.000  0.000  0.000  7.200  15.360  7.200  15.360  0.000
      sb_1__7_             sb_1__1_           78.048    494.400  cross     4    0.000  0.000  0.000  7.200  15.360  7.200  15.360  0.000
      sb_2__1_             sb_1__1_          137.280     85.440  cross     4    0.000  0.000  0.000  7.200  15.360  7.200  15.360  0.000
      sb_2__2_             sb_1__1_          137.280    153.600  cross     4    0.000  0.000  0.000  7.200  15.360  7.200  15.360  0.000
      sb_2__3_             sb_1__1_          137.280    221.760  cross     4    0.000  0.000  0.000  7.200  15.360  7.200  15.360  0.000
      sb_2__4_             sb_1__1_          137.280    289.920  cross     4    0.000  0.000  0.000  7.200  15.360  7.200  15.360  0.000
      sb_2__5_             sb_1__1_          137.280    358.080  cross     4    0.000  0.000  0.000  7.200  15.360  7.200  15.360  0.000
      sb_2__6_             sb_1__1_          137.280    426.240  cross     4    0.000  0.000  0.000  7.200  15.360  7.200  15.360  0.000
      sb_2__7_             sb_1__1_          137.280    494.400  cross     4    0.000  0.000  0.000  7.200  15.360  7.200  15.360  0.000
      sb_3__1_             sb_1__1_          196.512     85.440  cross     4    0.000  0.000  0.000  7.200  15.360  7.200  15.360  0.000
      sb_3__2_             sb_1__1_          196.512    153.600  cross     4    0.000  0.000  0.000  7.200  15.360  7.200  15.360  0.000
      sb_3__3_             sb_1__1_          196.512    221.760  cross     4    0.000  0.000  0.000  7.200  15.360  7.200  15.360  0.000
      sb_3__4_             sb_1__1_          196.512    289.920  cross     4    0.000  0.000  0.000  7.200  15.360  7.200  15.360  0.000
      sb_3__5_             sb_1__1_          196.512    358.080  cross     4    0.000  0.000  0.000  7.200  15.360  7.200  15.360  0.000
      sb_3__6_             sb_1__1_          196.512    426.240  cross     4    0.000  0.000  0.000  7.200  15.360  7.200  15.360  0.000
      sb_3__7_             sb_1__1_          196.512    494.400  cross     4    0.000  0.000  0.000  7.200  15.360  7.200  15.360  0.000
      sb_4__1_             sb_1__1_          255.744     85.440  cross     4    0.000  0.000  0.000  7.200  15.360  7.200  15.360  0.000
      sb_4__2_             sb_1__1_          255.744    153.600  cross     4    0.000  0.000  0.000  7.200  15.360  7.200  15.360  0.000
      sb_4__3_             sb_1__1_          255.744    221.760  cross     4    0.000  0.000  0.000  7.200  15.360  7.200  15.360  0.000
      sb_4__4_             sb_1__1_          255.744    289.920  cross     4    0.000  0.000  0.000  7.200  15.360  7.200  15.360  0.000
      sb_4__5_             sb_1__1_          255.744    358.080  cross     4    0.000  0.000  0.000  7.200  15.360  7.200  15.360  0.000
      sb_4__6_             sb_1__1_          255.744    426.240  cross     4    0.000  0.000  0.000  7.200  15.360  7.200  15.360  0.000
      sb_4__7_             sb_1__1_          255.744    494.400  cross     4    0.000  0.000  0.000  7.200  15.360  7.200  15.360  0.000
      sb_5__1_             sb_1__1_          314.976     85.440  cross     4    0.000  0.000  0.000  7.200  15.360  7.200  15.360  0.000
      sb_5__2_             sb_1__1_          314.976    153.600  cross     4    0.000  0.000  0.000  7.200  15.360  7.200  15.360  0.000
      sb_5__3_             sb_1__1_          314.976    221.760  cross     4    0.000  0.000  0.000  7.200  15.360  7.200  15.360  0.000
      sb_5__4_             sb_1__1_          314.976    289.920  cross     4    0.000  0.000  0.000  7.200  15.360  7.200  15.360  0.000
      sb_5__5_             sb_1__1_          314.976    358.080  cross     4    0.000  0.000  0.000  7.200  15.360  7.200  15.360  0.000
      sb_5__6_             sb_1__1_          314.976    426.240  cross     4    0.000  0.000  0.000  7.200  15.360  7.200  15.360  0.000
      sb_5__7_             sb_1__1_          314.976    494.400  cross     4    0.000  0.000  0.000  7.200  15.360  7.200  15.360  0.000
      sb_6__1_             sb_1__1_          374.208     85.440  cross     4    0.000  0.000  0.000  7.200  15.360  7.200  15.360  0.000
      sb_6__2_             sb_1__1_          374.208    153.600  cross     4    0.000  0.000  0.000  7.200  15.360  7.200  15.360  0.000
      sb_6__3_             sb_1__1_          374.208    221.760  cross     4    0.000  0.000  0.000  7.200  15.360  7.200  15.360  0.000
      sb_6__4_             sb_1__1_          374.208    289.920  cross     4    0.000  0.000  0.000  7.200  15.360  7.200  15.360  0.000
      sb_6__5_             sb_1__1_          374.208    358.080  cross     4    0.000  0.000  0.000  7.200  15.360  7.200  15.360  0.000
      sb_6__6_             sb_1__1_          374.208    426.240  cross     4    0.000  0.000  0.000  7.200  15.360  7.200  15.360  0.000
      sb_6__7_             sb_1__1_          374.208    494.400  cross     4    0.000  0.000  0.000  7.200  15.360  7.200  15.360  0.000
      sb_7__1_             sb_1__1_          433.440     85.440  cross     4    0.000  0.000  0.000  7.200  15.360  7.200  15.360  0.000
      sb_7__2_             sb_1__1_          433.440    153.600  cross     4    0.000  0.000  0.000  7.200  15.360  7.200  15.360  0.000
      sb_7__3_             sb_1__1_          433.440    221.760  cross     4    0.000  0.000  0.000  7.200  15.360  7.200  15.360  0.000
      sb_7__4_             sb_1__1_          433.440    289.920  cross     4    0.000  0.000  0.000  7.200  15.360  7.200  15.360  0.000
      sb_7__5_             sb_1__1_          433.440    358.080  cross     4    0.000  0.000  0.000  7.200  15.360  7.200  15.360  0.000
      sb_7__6_             sb_1__1_          433.440    426.240  cross     4    0.000  0.000  0.000  7.200  15.360  7.200  15.360  0.000
      sb_7__7_             sb_1__1_          433.440    494.400  cross     4    0.000  0.000  0.000  7.200  15.360  7.200  15.360  0.000
      sb_1__8_             sb_1__8_           78.048    562.560  cross     4    0.000  0.000  0.000  24.960  15.360  24.960  15.360  0.000
      sb_2__8_             sb_1__8_          137.280    562.560  cross     4    0.000  0.000  0.000  24.960  15.360  24.960  15.360  0.000
      sb_3__8_             sb_1__8_          196.512    562.560  cross     4    0.000  0.000  0.000  24.960  15.360  24.960  15.360  0.000
      sb_4__8_             sb_1__8_          255.744    562.560  cross     4    0.000  0.000  0.000  24.960  15.360  24.960  15.360  0.000
      sb_5__8_             sb_1__8_          314.976    562.560  cross     4    0.000  0.000  0.000  24.960  15.360  24.960  15.360  0.000
      sb_6__8_             sb_1__8_          374.208    562.560  cross     4    0.000  0.000  0.000  24.960  15.360  24.960  15.360  0.000
      sb_7__8_             sb_1__8_          433.440    562.560  cross     4    0.000  0.000  0.000  24.960  15.360  24.960  15.360  0.000
      sb_8__0_             sb_8__0_          492.672      0.960  cross     4    0.000  0.000  0.000  23.520  32.256  23.520  32.256  0.000
      sb_8__1_             sb_8__1_          492.672     85.440  cross     4    0.000  0.000  0.000  7.200  32.256  7.200  32.256  0.000
      sb_8__2_             sb_8__1_          492.672    153.600  cross     4    0.000  0.000  0.000  7.200  32.256  7.200  32.256  0.000
      sb_8__3_             sb_8__1_          492.672    221.760  cross     4    0.000  0.000  0.000  7.200  32.256  7.200  32.256  0.000
      sb_8__4_             sb_8__1_          492.672    289.920  cross     4    0.000  0.000  0.000  7.200  32.256  7.200  32.256  0.000
      sb_8__5_             sb_8__1_          492.672    358.080  cross     4    0.000  0.000  0.000  7.200  32.256  7.200  32.256  0.000
      sb_8__6_             sb_8__1_          492.672    426.240  cross     4    0.000  0.000  0.000  7.200  32.256  7.200  32.256  0.000
      sb_8__7_             sb_8__1_          492.672    494.400  cross     4    0.000  0.000  0.000  7.200  32.256  7.200  32.256  0.000
      sb_8__8_             sb_8__8_          492.672    562.560  cross     4    0.000  0.000  0.000  24.960  32.256  24.960  32.256  0.000
     cbx_1__1_            cbx_1__1_           34.176     85.440   rect     4    0.000  0.000  0.000  7.200  43.872  7.200  43.872  0.000
     cbx_1__2_            cbx_1__1_           34.176    153.600   rect     4    0.000  0.000  0.000  7.200  43.872  7.200  43.872  0.000
     cbx_1__3_            cbx_1__1_           34.176    221.760   rect     4    0.000  0.000  0.000  7.200  43.872  7.200  43.872  0.000
     cbx_1__4_            cbx_1__1_           34.176    289.920   rect     4    0.000  0.000  0.000  7.200  43.872  7.200  43.872  0.000
     cbx_1__5_            cbx_1__1_           34.176    358.080   rect     4    0.000  0.000  0.000  7.200  43.872  7.200  43.872  0.000
     cbx_1__6_            cbx_1__1_           34.176    426.240   rect     4    0.000  0.000  0.000  7.200  43.872  7.200  43.872  0.000
     cbx_1__7_            cbx_1__1_           34.176    494.400   rect     4    0.000  0.000  0.000  7.200  43.872  7.200  43.872  0.000
     cbx_2__1_            cbx_1__1_           93.408     85.440   rect     4    0.000  0.000  0.000  7.200  43.872  7.200  43.872  0.000
     cbx_2__2_            cbx_1__1_           93.408    153.600   rect     4    0.000  0.000  0.000  7.200  43.872  7.200  43.872  0.000
     cbx_2__3_            cbx_1__1_           93.408    221.760   rect     4    0.000  0.000  0.000  7.200  43.872  7.200  43.872  0.000
     cbx_2__4_            cbx_1__1_           93.408    289.920   rect     4    0.000  0.000  0.000  7.200  43.872  7.200  43.872  0.000
     cbx_2__5_            cbx_1__1_           93.408    358.080   rect     4    0.000  0.000  0.000  7.200  43.872  7.200  43.872  0.000
     cbx_2__6_            cbx_1__1_           93.408    426.240   rect     4    0.000  0.000  0.000  7.200  43.872  7.200  43.872  0.000
     cbx_2__7_            cbx_1__1_           93.408    494.400   rect     4    0.000  0.000  0.000  7.200  43.872  7.200  43.872  0.000
     cbx_3__1_            cbx_1__1_          152.640     85.440   rect     4    0.000  0.000  0.000  7.200  43.872  7.200  43.872  0.000
     cbx_3__2_            cbx_1__1_          152.640    153.600   rect     4    0.000  0.000  0.000  7.200  43.872  7.200  43.872  0.000
     cbx_3__3_            cbx_1__1_          152.640    221.760   rect     4    0.000  0.000  0.000  7.200  43.872  7.200  43.872  0.000
     cbx_3__4_            cbx_1__1_          152.640    289.920   rect     4    0.000  0.000  0.000  7.200  43.872  7.200  43.872  0.000
     cbx_3__5_            cbx_1__1_          152.640    358.080   rect     4    0.000  0.000  0.000  7.200  43.872  7.200  43.872  0.000
     cbx_3__6_            cbx_1__1_          152.640    426.240   rect     4    0.000  0.000  0.000  7.200  43.872  7.200  43.872  0.000
     cbx_3__7_            cbx_1__1_          152.640    494.400   rect     4    0.000  0.000  0.000  7.200  43.872  7.200  43.872  0.000
     cbx_4__1_            cbx_1__1_          211.872     85.440   rect     4    0.000  0.000  0.000  7.200  43.872  7.200  43.872  0.000
     cbx_4__2_            cbx_1__1_          211.872    153.600   rect     4    0.000  0.000  0.000  7.200  43.872  7.200  43.872  0.000
     cbx_4__3_            cbx_1__1_          211.872    221.760   rect     4    0.000  0.000  0.000  7.200  43.872  7.200  43.872  0.000
     cbx_4__4_            cbx_1__1_          211.872    289.920   rect     4    0.000  0.000  0.000  7.200  43.872  7.200  43.872  0.000
     cbx_4__5_            cbx_1__1_          211.872    358.080   rect     4    0.000  0.000  0.000  7.200  43.872  7.200  43.872  0.000
     cbx_4__6_            cbx_1__1_          211.872    426.240   rect     4    0.000  0.000  0.000  7.200  43.872  7.200  43.872  0.000
     cbx_4__7_            cbx_1__1_          211.872    494.400   rect     4    0.000  0.000  0.000  7.200  43.872  7.200  43.872  0.000
     cbx_5__1_            cbx_1__1_          271.104     85.440   rect     4    0.000  0.000  0.000  7.200  43.872  7.200  43.872  0.000
     cbx_5__2_            cbx_1__1_          271.104    153.600   rect     4    0.000  0.000  0.000  7.200  43.872  7.200  43.872  0.000
     cbx_5__3_            cbx_1__1_          271.104    221.760   rect     4    0.000  0.000  0.000  7.200  43.872  7.200  43.872  0.000
     cbx_5__4_            cbx_1__1_          271.104    289.920   rect     4    0.000  0.000  0.000  7.200  43.872  7.200  43.872  0.000
     cbx_5__5_            cbx_1__1_          271.104    358.080   rect     4    0.000  0.000  0.000  7.200  43.872  7.200  43.872  0.000
     cbx_5__6_            cbx_1__1_          271.104    426.240   rect     4    0.000  0.000  0.000  7.200  43.872  7.200  43.872  0.000
     cbx_5__7_            cbx_1__1_          271.104    494.400   rect     4    0.000  0.000  0.000  7.200  43.872  7.200  43.872  0.000
     cbx_6__1_            cbx_1__1_          330.336     85.440   rect     4    0.000  0.000  0.000  7.200  43.872  7.200  43.872  0.000
     cbx_6__2_            cbx_1__1_          330.336    153.600   rect     4    0.000  0.000  0.000  7.200  43.872  7.200  43.872  0.000
     cbx_6__3_            cbx_1__1_          330.336    221.760   rect     4    0.000  0.000  0.000  7.200  43.872  7.200  43.872  0.000
     cbx_6__4_            cbx_1__1_          330.336    289.920   rect     4    0.000  0.000  0.000  7.200  43.872  7.200  43.872  0.000
     cbx_6__5_            cbx_1__1_          330.336    358.080   rect     4    0.000  0.000  0.000  7.200  43.872  7.200  43.872  0.000
     cbx_6__6_            cbx_1__1_          330.336    426.240   rect     4    0.000  0.000  0.000  7.200  43.872  7.200  43.872  0.000
     cbx_6__7_            cbx_1__1_          330.336    494.400   rect     4    0.000  0.000  0.000  7.200  43.872  7.200  43.872  0.000
     cbx_7__1_            cbx_1__1_          389.568     85.440   rect     4    0.000  0.000  0.000  7.200  43.872  7.200  43.872  0.000
     cbx_7__2_            cbx_1__1_          389.568    153.600   rect     4    0.000  0.000  0.000  7.200  43.872  7.200  43.872  0.000
     cbx_7__3_            cbx_1__1_          389.568    221.760   rect     4    0.000  0.000  0.000  7.200  43.872  7.200  43.872  0.000
     cbx_7__4_            cbx_1__1_          389.568    289.920   rect     4    0.000  0.000  0.000  7.200  43.872  7.200  43.872  0.000
     cbx_7__5_            cbx_1__1_          389.568    358.080   rect     4    0.000  0.000  0.000  7.200  43.872  7.200  43.872  0.000
     cbx_7__6_            cbx_1__1_          389.568    426.240   rect     4    0.000  0.000  0.000  7.200  43.872  7.200  43.872  0.000
     cbx_7__7_            cbx_1__1_          389.568    494.400   rect     4    0.000  0.000  0.000  7.200  43.872  7.200  43.872  0.000
     cbx_8__1_            cbx_1__1_          448.800     85.440   rect     4    0.000  0.000  0.000  7.200  43.872  7.200  43.872  0.000
     cbx_8__2_            cbx_1__1_          448.800    153.600   rect     4    0.000  0.000  0.000  7.200  43.872  7.200  43.872  0.000
     cbx_8__3_            cbx_1__1_          448.800    221.760   rect     4    0.000  0.000  0.000  7.200  43.872  7.200  43.872  0.000
     cbx_8__4_            cbx_1__1_          448.800    289.920   rect     4    0.000  0.000  0.000  7.200  43.872  7.200  43.872  0.000
     cbx_8__5_            cbx_1__1_          448.800    358.080   rect     4    0.000  0.000  0.000  7.200  43.872  7.200  43.872  0.000
     cbx_8__6_            cbx_1__1_          448.800    426.240   rect     4    0.000  0.000  0.000  7.200  43.872  7.200  43.872  0.000
     cbx_8__7_            cbx_1__1_          448.800    494.400   rect     4    0.000  0.000  0.000  7.200  43.872  7.200  43.872  0.000
     cby_1__1_            cby_1__1_           78.048     24.480   rect     4    0.000  0.000  0.000  60.960  15.360  60.960  15.360  0.000
     cby_1__2_            cby_1__1_           78.048     92.640   rect     4    0.000  0.000  0.000  60.960  15.360  60.960  15.360  0.000
     cby_1__3_            cby_1__1_           78.048    160.800   rect     4    0.000  0.000  0.000  60.960  15.360  60.960  15.360  0.000
     cby_1__4_            cby_1__1_           78.048    228.960   rect     4    0.000  0.000  0.000  60.960  15.360  60.960  15.360  0.000
     cby_1__5_            cby_1__1_           78.048    297.120   rect     4    0.000  0.000  0.000  60.960  15.360  60.960  15.360  0.000
     cby_1__6_            cby_1__1_           78.048    365.280   rect     4    0.000  0.000  0.000  60.960  15.360  60.960  15.360  0.000
     cby_1__7_            cby_1__1_           78.048    433.440   rect     4    0.000  0.000  0.000  60.960  15.360  60.960  15.360  0.000
     cby_1__8_            cby_1__1_           78.048    501.600   rect     4    0.000  0.000  0.000  60.960  15.360  60.960  15.360  0.000
     cby_2__1_            cby_1__1_          137.280     24.480   rect     4    0.000  0.000  0.000  60.960  15.360  60.960  15.360  0.000
     cby_2__2_            cby_1__1_          137.280     92.640   rect     4    0.000  0.000  0.000  60.960  15.360  60.960  15.360  0.000
     cby_2__3_            cby_1__1_          137.280    160.800   rect     4    0.000  0.000  0.000  60.960  15.360  60.960  15.360  0.000
     cby_2__4_            cby_1__1_          137.280    228.960   rect     4    0.000  0.000  0.000  60.960  15.360  60.960  15.360  0.000
     cby_2__5_            cby_1__1_          137.280    297.120   rect     4    0.000  0.000  0.000  60.960  15.360  60.960  15.360  0.000
     cby_2__6_            cby_1__1_          137.280    365.280   rect     4    0.000  0.000  0.000  60.960  15.360  60.960  15.360  0.000
     cby_2__7_            cby_1__1_          137.280    433.440   rect     4    0.000  0.000  0.000  60.960  15.360  60.960  15.360  0.000
     cby_2__8_            cby_1__1_          137.280    501.600   rect     4    0.000  0.000  0.000  60.960  15.360  60.960  15.360  0.000
     cby_3__1_            cby_1__1_          196.512     24.480   rect     4    0.000  0.000  0.000  60.960  15.360  60.960  15.360  0.000
     cby_3__2_            cby_1__1_          196.512     92.640   rect     4    0.000  0.000  0.000  60.960  15.360  60.960  15.360  0.000
     cby_3__3_            cby_1__1_          196.512    160.800   rect     4    0.000  0.000  0.000  60.960  15.360  60.960  15.360  0.000
     cby_3__4_            cby_1__1_          196.512    228.960   rect     4    0.000  0.000  0.000  60.960  15.360  60.960  15.360  0.000
     cby_3__5_            cby_1__1_          196.512    297.120   rect     4    0.000  0.000  0.000  60.960  15.360  60.960  15.360  0.000
     cby_3__6_            cby_1__1_          196.512    365.280   rect     4    0.000  0.000  0.000  60.960  15.360  60.960  15.360  0.000
     cby_3__7_            cby_1__1_          196.512    433.440   rect     4    0.000  0.000  0.000  60.960  15.360  60.960  15.360  0.000
     cby_3__8_            cby_1__1_          196.512    501.600   rect     4    0.000  0.000  0.000  60.960  15.360  60.960  15.360  0.000
     cby_4__1_            cby_1__1_          255.744     24.480   rect     4    0.000  0.000  0.000  60.960  15.360  60.960  15.360  0.000
     cby_4__2_            cby_1__1_          255.744     92.640   rect     4    0.000  0.000  0.000  60.960  15.360  60.960  15.360  0.000
     cby_4__3_            cby_1__1_          255.744    160.800   rect     4    0.000  0.000  0.000  60.960  15.360  60.960  15.360  0.000
     cby_4__4_            cby_1__1_          255.744    228.960   rect     4    0.000  0.000  0.000  60.960  15.360  60.960  15.360  0.000
     cby_4__5_            cby_1__1_          255.744    297.120   rect     4    0.000  0.000  0.000  60.960  15.360  60.960  15.360  0.000
     cby_4__6_            cby_1__1_          255.744    365.280   rect     4    0.000  0.000  0.000  60.960  15.360  60.960  15.360  0.000
     cby_4__7_            cby_1__1_          255.744    433.440   rect     4    0.000  0.000  0.000  60.960  15.360  60.960  15.360  0.000
     cby_4__8_            cby_1__1_          255.744    501.600   rect     4    0.000  0.000  0.000  60.960  15.360  60.960  15.360  0.000
     cby_5__1_            cby_1__1_          314.976     24.480   rect     4    0.000  0.000  0.000  60.960  15.360  60.960  15.360  0.000
     cby_5__2_            cby_1__1_          314.976     92.640   rect     4    0.000  0.000  0.000  60.960  15.360  60.960  15.360  0.000
     cby_5__3_            cby_1__1_          314.976    160.800   rect     4    0.000  0.000  0.000  60.960  15.360  60.960  15.360  0.000
     cby_5__4_            cby_1__1_          314.976    228.960   rect     4    0.000  0.000  0.000  60.960  15.360  60.960  15.360  0.000
     cby_5__5_            cby_1__1_          314.976    297.120   rect     4    0.000  0.000  0.000  60.960  15.360  60.960  15.360  0.000
     cby_5__6_            cby_1__1_          314.976    365.280   rect     4    0.000  0.000  0.000  60.960  15.360  60.960  15.360  0.000
     cby_5__7_            cby_1__1_          314.976    433.440   rect     4    0.000  0.000  0.000  60.960  15.360  60.960  15.360  0.000
     cby_5__8_            cby_1__1_          314.976    501.600   rect     4    0.000  0.000  0.000  60.960  15.360  60.960  15.360  0.000
     cby_6__1_            cby_1__1_          374.208     24.480   rect     4    0.000  0.000  0.000  60.960  15.360  60.960  15.360  0.000
     cby_6__2_            cby_1__1_          374.208     92.640   rect     4    0.000  0.000  0.000  60.960  15.360  60.960  15.360  0.000
     cby_6__3_            cby_1__1_          374.208    160.800   rect     4    0.000  0.000  0.000  60.960  15.360  60.960  15.360  0.000
     cby_6__4_            cby_1__1_          374.208    228.960   rect     4    0.000  0.000  0.000  60.960  15.360  60.960  15.360  0.000
     cby_6__5_            cby_1__1_          374.208    297.120   rect     4    0.000  0.000  0.000  60.960  15.360  60.960  15.360  0.000
     cby_6__6_            cby_1__1_          374.208    365.280   rect     4    0.000  0.000  0.000  60.960  15.360  60.960  15.360  0.000
     cby_6__7_            cby_1__1_          374.208    433.440   rect     4    0.000  0.000  0.000  60.960  15.360  60.960  15.360  0.000
     cby_6__8_            cby_1__1_          374.208    501.600   rect     4    0.000  0.000  0.000  60.960  15.360  60.960  15.360  0.000
     cby_7__1_            cby_1__1_          433.440     24.480   rect     4    0.000  0.000  0.000  60.960  15.360  60.960  15.360  0.000
     cby_7__2_            cby_1__1_          433.440     92.640   rect     4    0.000  0.000  0.000  60.960  15.360  60.960  15.360  0.000
     cby_7__3_            cby_1__1_          433.440    160.800   rect     4    0.000  0.000  0.000  60.960  15.360  60.960  15.360  0.000
     cby_7__4_            cby_1__1_          433.440    228.960   rect     4    0.000  0.000  0.000  60.960  15.360  60.960  15.360  0.000
     cby_7__5_            cby_1__1_          433.440    297.120   rect     4    0.000  0.000  0.000  60.960  15.360  60.960  15.360  0.000
     cby_7__6_            cby_1__1_          433.440    365.280   rect     4    0.000  0.000  0.000  60.960  15.360  60.960  15.360  0.000
     cby_7__7_            cby_1__1_          433.440    433.440   rect     4    0.000  0.000  0.000  60.960  15.360  60.960  15.360  0.000
     cby_7__8_            cby_1__1_          433.440    501.600   rect     4    0.000  0.000  0.000  60.960  15.360  60.960  15.360  0.000
     cby_0__1_            cby_0__1_            1.920     24.480   rect     4    0.000  0.000  0.000  60.960  32.256  60.960  32.256  0.000
     cby_0__2_            cby_0__1_            1.920     92.640   rect     4    0.000  0.000  0.000  60.960  32.256  60.960  32.256  0.000
     cby_0__3_            cby_0__1_            1.920    160.800   rect     4    0.000  0.000  0.000  60.960  32.256  60.960  32.256  0.000
     cby_0__4_            cby_0__1_            1.920    228.960   rect     4    0.000  0.000  0.000  60.960  32.256  60.960  32.256  0.000
     cby_0__5_            cby_0__1_            1.920    297.120   rect     4    0.000  0.000  0.000  60.960  32.256  60.960  32.256  0.000
     cby_0__6_            cby_0__1_            1.920    365.280   rect     4    0.000  0.000  0.000  60.960  32.256  60.960  32.256  0.000
     cby_0__7_            cby_0__1_            1.920    433.440   rect     4    0.000  0.000  0.000  60.960  32.256  60.960  32.256  0.000
     cby_0__8_            cby_0__1_            1.920    501.600   rect     4    0.000  0.000  0.000  60.960  32.256  60.960  32.256  0.000
     cbx_1__8_            cbx_1__8_           34.176    562.560   rect     4    0.000  0.000  0.000  24.960  43.872  24.960  43.872  0.000
     cbx_2__8_            cbx_1__8_           93.408    562.560   rect     4    0.000  0.000  0.000  24.960  43.872  24.960  43.872  0.000
     cbx_3__8_            cbx_1__8_          152.640    562.560   rect     4    0.000  0.000  0.000  24.960  43.872  24.960  43.872  0.000
     cbx_4__8_            cbx_1__8_          211.872    562.560   rect     4    0.000  0.000  0.000  24.960  43.872  24.960  43.872  0.000
     cbx_5__8_            cbx_1__8_          271.104    562.560   rect     4    0.000  0.000  0.000  24.960  43.872  24.960  43.872  0.000
     cbx_6__8_            cbx_1__8_          330.336    562.560   rect     4    0.000  0.000  0.000  24.960  43.872  24.960  43.872  0.000
     cbx_7__8_            cbx_1__8_          389.568    562.560   rect     4    0.000  0.000  0.000  24.960  43.872  24.960  43.872  0.000
     cbx_8__8_            cbx_1__8_          448.800    562.560   rect     4    0.000  0.000  0.000  24.960  43.872  24.960  43.872  0.000
     cby_8__8_            cby_8__1_          492.672    501.600   rect     4    0.000  0.000  0.000  60.960  32.256  60.960  32.256  0.000
     cby_8__7_            cby_8__1_          492.672    433.440   rect     4    0.000  0.000  0.000  60.960  32.256  60.960  32.256  0.000
     cby_8__6_            cby_8__1_          492.672    365.280   rect     4    0.000  0.000  0.000  60.960  32.256  60.960  32.256  0.000
     cby_8__5_            cby_8__1_          492.672    297.120   rect     4    0.000  0.000  0.000  60.960  32.256  60.960  32.256  0.000
     cby_8__4_            cby_8__1_          492.672    228.960   rect     4    0.000  0.000  0.000  60.960  32.256  60.960  32.256  0.000
     cby_8__3_            cby_8__1_          492.672    160.800   rect     4    0.000  0.000  0.000  60.960  32.256  60.960  32.256  0.000
     cby_8__2_            cby_8__1_          492.672     92.640   rect     4    0.000  0.000  0.000  60.960  32.256  60.960  32.256  0.000
     cby_8__1_            cby_8__1_          492.672     24.480   rect     4    0.000  0.000  0.000  60.960  32.256  60.960  32.256  0.000
     cbx_8__0_            cbx_1__0_          448.800      0.960   rect     4    0.000  0.000  0.000  23.520  43.872  23.520  43.872  0.000
     cbx_7__0_            cbx_1__0_          389.568      0.960   rect     4    0.000  0.000  0.000  23.520  43.872  23.520  43.872  0.000
     cbx_6__0_            cbx_1__0_          330.336      0.960   rect     4    0.000  0.000  0.000  23.520  43.872  23.520  43.872  0.000
     cbx_5__0_            cbx_1__0_          271.104      0.960   rect     4    0.000  0.000  0.000  23.520  43.872  23.520  43.872  0.000
     cbx_4__0_            cbx_1__0_          211.872      0.960   rect     4    0.000  0.000  0.000  23.520  43.872  23.520  43.872  0.000
     cbx_3__0_            cbx_1__0_          152.640      0.960   rect     4    0.000  0.000  0.000  23.520  43.872  23.520  43.872  0.000
     cbx_2__0_            cbx_1__0_           93.408      0.960   rect     4    0.000  0.000  0.000  23.520  43.872  23.520  43.872  0.000
     cbx_1__0_            cbx_1__0_           34.176      0.960   rect     4    0.000  0.000  0.000  23.520  43.872  23.520  43.872  0.000
      fpga_top             fpga_top            0.000      0.000   rect     4    0.000  0.000  0.000  588.480  526.848  588.480  526.848  0.000
